
function U66 = U2U66(U)
    U66 = [U(1,1) 0 0 U(1,2) 0 0; 0 U(1,1) 0 0 U(1,2) 0; 0 0 U(1,1) 0 0 U(1,2); U(2,1) 0 0 U(2,2) 0 0; 0 U(2,1) 0 0 U(2,2) 0; 0 0 U(2,1) 0 0 U(2,2)];
end

